[gd_scene load_steps=8 format=3 uid="uid://d52ii2xwwmfj"]

[ext_resource type="PackedScene" uid="uid://boibiis3d45vh" path="res://Platforms/platform_large.tscn" id="1_i0qm5"]
[ext_resource type="PackedScene" uid="uid://cw0ib30w6q1q0" path="res://player.tscn" id="2_bj342"]
[ext_resource type="PackedScene" uid="uid://bvupporwe75fo" path="res://enemy.tscn" id="3_2lpd1"]
[ext_resource type="PackedScene" uid="uid://dmw4umfy31obw" path="res://spikes.tscn" id="4_pae58"]
[ext_resource type="ArrayMesh" uid="uid://cge2fuclikg8j" path="res://Models/coinGold.obj" id="5_c0fft"]
[ext_resource type="Script" path="res://Coin.gd" id="5_k4lb8"]

[sub_resource type="SphereShape3D" id="SphereShape3D_8g5fr"]
radius = 1.0

[node name="Main" type="Node3D"]

[node name="PlatformLarge" parent="." instance=ExtResource("1_i0qm5")]

[node name="Player" parent="." instance=ExtResource("2_bj342")]

[node name="DirectionalLight3D" type="DirectionalLight3D" parent="."]
transform = Transform3D(-1, 4.37114e-08, -7.57103e-08, 0, 0.866025, 0.5, 8.74228e-08, 0.5, -0.866025, 0, 3.70442, 0)

[node name="PlatformLarge2" parent="." instance=ExtResource("1_i0qm5")]
transform = Transform3D(1, 0, 0, 0, 1, 0, 0, 0, 1, 0, 0, -4)

[node name="PlatformLarge3" parent="." instance=ExtResource("1_i0qm5")]
transform = Transform3D(1, 0, 0, 0, 1, 0, 0, 0, 1, -1, 0, -8)

[node name="PlatformLarge4" parent="." instance=ExtResource("1_i0qm5")]
transform = Transform3D(1, 0, 0, 0, 1, 0, 0, 0, 1, -2, 1, -12)

[node name="PlatformLarge5" parent="." instance=ExtResource("1_i0qm5")]
transform = Transform3D(1, 0, 0, 0, 1, 0, 0, 0, 1, 2, 0, -15)

[node name="PlatformLarge6" parent="." instance=ExtResource("1_i0qm5")]
transform = Transform3D(1, 0, 0, 0, 1, 0, 0, 0, 1, 7, 0, -15)

[node name="Enemy" parent="." instance=ExtResource("3_2lpd1")]

[node name="Enemy2" parent="." instance=ExtResource("3_2lpd1")]
transform = Transform3D(1, 0, 0, 0, 1, 0, 0, 0, 1, 1.27426, 1, -5.9757)
move_dir = Vector3(-3, 0, 0)

[node name="Enemy3" parent="." instance=ExtResource("3_2lpd1")]
transform = Transform3D(1, 0, 0, 0, 1, 0, 0, 0, 1, -1.24315, 0.00341761, -10.046)
move_dir = Vector3(-1, 3, 0)

[node name="Enemy4" parent="." instance=ExtResource("3_2lpd1")]
transform = Transform3D(1, 0, 0, 0, 1, 0, 0, 0, 1, 4.48921, 1, -14.4396)
move_dir = Vector3(0, 0, -3)

[node name="Enemy5" parent="." instance=ExtResource("3_2lpd1")]
transform = Transform3D(1, 0, 0, 0, 1, 0, 0, 0, 1, 4.48921, 1, -15.5526)
move_dir = Vector3(0, 0, 3)

[node name="PlatformLarge7" parent="." instance=ExtResource("1_i0qm5")]
transform = Transform3D(0.858468, -0.512867, 0, 0.512867, 0.858468, 0, 0, 0, 1, 8.85954, 0.529186, -15.0132)

[node name="PlatformLarge8" parent="." instance=ExtResource("1_i0qm5")]
transform = Transform3D(0.858468, -0.512867, 0, 0.512867, 0.858468, 0, 0, 0, 1, 10.5872, 1.55389, -15.0132)

[node name="PlatformLarge9" parent="." instance=ExtResource("1_i0qm5")]
transform = Transform3D(1, 0, 0, 0, 1, 0, 0, 0, 1, 12.0142, 1.88981, -15.0043)

[node name="PlatformLarge10" parent="." instance=ExtResource("1_i0qm5")]
transform = Transform3D(1, 0, 0, 0, 1, 0, 0, 0, 1, 15.963, 2, -15.0514)

[node name="Spikes" parent="." instance=ExtResource("4_pae58")]
transform = Transform3D(1, 0, 0, 0, 1, 0, 0, 0, 1, 0.628275, 1.01332, -4.5297)

[node name="Spikes2" parent="." instance=ExtResource("4_pae58")]
transform = Transform3D(1, 0, 0, 0, 1, 0, 0, 0, 1, -1.56748, 1.03552, -8.58514)

[node name="Spikes3" parent="." instance=ExtResource("4_pae58")]
transform = Transform3D(1, 0, 0, 0, 1, 0, 0, 0, 1, -2.5993, 1.96589, -11.9661)

[node name="Spikes4" parent="." instance=ExtResource("4_pae58")]
transform = Transform3D(1, 0, 0, 0, 1, 0, 0, 0, 1, 1.38425, 1, -15.5503)

[node name="Spikes5" parent="." instance=ExtResource("4_pae58")]
transform = Transform3D(0.850505, -0.525966, -0.00129996, 0.525937, 0.85048, -0.00862917, 0.00564423, 0.00665545, 0.999962, 8.1342, 1.2656, -15.6006)

[node name="Spikes6" parent="." instance=ExtResource("4_pae58")]
transform = Transform3D(0.850505, -0.525966, -0.00129996, 0.525937, 0.85048, -0.00862917, 0.00564423, 0.00665545, 0.999962, 9.74417, 2.21533, -14.4375)

[node name="Coin" type="Area3D" parent="."]
transform = Transform3D(1, 0, 0, 0, 1, 0, 0, 0, 1, 0.665411, 1.29765, 0)
script = ExtResource("5_k4lb8")

[node name="Model" type="MeshInstance3D" parent="Coin"]
transform = Transform3D(1.5, 0, 0, 0, 1.5, 0, 0, 0, 1.5, 0, 0, 0)
mesh = ExtResource("5_c0fft")
skeleton = NodePath("../..")

[node name="CollisionShape3D" type="CollisionShape3D" parent="Coin"]
transform = Transform3D(0.283423, 0, 0, 0, 0.345829, 0, 0, 0, 0.173097, 0.00911903, 0.289587, 0)
shape = SubResource("SphereShape3D_8g5fr")
